938.74997
936.47397
924.44197
912.87498
895.67598
886.89998
873.52498
863.03997
843.89798
826.83897
811.63994
797.92192
786.41891
771.09691
763.19992
754.0589
748.89689
744.42189
749.42486
755.35587
763.64889
777.92191
798.31491
824.13991
841.50792
854.16393
863.93593
878.18192
887.49193
887.50194
883.82694
884.96694
884.74694
883.38493
886.67493
892.97793
903.20994
906.30596
910.06097
922.53397
934.68597
941.21797
952.82198
962.01099
967.84299
967.933
966.962
966.202
963.869
956.667
953.98
947.185
940.074
933.73
916.053
905.632
896.086
889.996
884.523
879.027
866.604
858.088
839.121
811.321
789.883
771.349
747.66
723.231
708.932
699.162
695.76
697.67
705.156
725.197
747.561
764.543
782.065
804.045
819.743
831.079
851.792
866.902
883.618
895.404
909.776
926.52
945.596
959.366
972.318
983.57
980.764
983.968
979.46
973.417
967.807
960.219
951.621
945.877
935.865
925.521
915.51
896.88
884.413
873.888
858.967
840.489
826.359
818.461
813.515
809.261
810.777
816.624
820.236
816.364
819.275
825.564
833.75
830.9
833.057
836.652
832.658
829.174
827.234
836.752
844.716
845.785
844.098
847.09
848.457
849.281
845.623
843.131
843.574
841.603
847.268
858.957
869.964
878.539
890.288
900.373
916.525
932.277
947.579
960.562
966.205
970.634
972.626
968.324
