d0, d1, d2, d3, d4, d5, d6, d7, d8, d9, d10, d11, d12, d13, d14, d15, D.V.
-6.366241, 6.360657, -1.905152, 10.546631, -1.772614, 8.063385, -6.449127, 9.848847, -5.129089, 9.432129, 5.454254, 1.757782, -0.302185, 0.457581, 1.82312, 2.350433, 1418.74707069507
2.627411, 1.452393, 1.822663, -7.722412, 10.993683, -2.288757, 0.706574, -1.763428, -2.200897, 4.796051, 6.383484, -1.931092, 3.59375, 3.446014, -6.391754, -3.51709, 75.3238688522697
9.978974, 0.112945, 0.798554, 5.401337, -6.263427, 3.121338, -7.523834, 6.934174, -1.417602, -1.546509, 2.333343, 2.976075, 9.545502, 2.159668, -5.075653, -1.57074, 11019.4252335609
5.971894, -8.606659, -1.018249, -2.949036, 5.153595, -8.928772, 8.357879, -8.073791, 2.582367, 10.1586, -6.408783, 2.56546, -2.171264, 6.579254, -8.902161, -7.372772, 1526.50067316805
10.045867, -6.249206, 8.987732, -4.734253, 9.09851, -5.255218, 1.506287, 6.103607, 3.316803, -2.928193, -7.899262, 5.829529, -7.124694, -6.908234, 6.111389, 7.420837, 11309.522753932
8.796814, -5.951111, 8.088195, 9.991242, -7.418701, -3.267944, 1.732178, 10.263489, -3.540161, 2.759735, -6.53833, 0.666931, 4.273407, -6.509613, -2.396118, 7.060302, 6755.18648304066
10.97699, -3.442596, 4.211181, 7.079284, 8.76828, -6.970612, -5.497406, -0.890808, 3.841736, 0.195312, 0.930207, -0.117401, -6.232635, 7.974579, -4.129486, 1.702118, 15973.0147417269
10.494781, 7.952301, 2.940857, 0.287903, -1.018096, 9.039367, -0.059173, 9.250335, -3.550903, -0.24237, -2.581329, 8.187744, -0.742157, 5.150055, 10.862702, -2.590942, 13407.448815283
-8.585083, 10.315918, 1.517731, 0.281402, 4.700958, 2.570862, -5.173614, 0.202789, 5.424713, -6.767853, 1.495636, 2.199768, 9.801728, 9.028808, 6.18811, 2.150085, 4864.59465401323
-1.041687, -3.863251, -0.161499, -5.369659, 1.560455, 0.838929, 10.595093, -8.611328, -7.932282, 10.810517, 6.385986, 10.442352, -0.387848, -7.970948, 4.110626, 7.800446, 9.05455755978752E-02
4.502228, 7.309601, 3.456207, -1.188446, 2.351654, -2.535095, -2.661011, 0.136383, 1.833374, 8.090576, 1.970826, 6.345459, 6.058502, -4.02481, -1.449524, 0.141662, 526.907912311984
8.580048, -1.864563, 3.580017, 1.208099, -7.977967, 3.47641, -4.193634, 8.680542, 4.333313, -4.923462, -8.212494, 0.245208, -1.333618, -6.902008, 0.084014, -6.138549, 6133.33220719359
-5.118499, 9.321625, 1.075439, 0.109222, -4.324585, -1.692749, 5.401764, -2.838044, -0.664704, 10.178802, -2.970398, 9.384094, 1.117706, 10.034393, -3.05606, -4.446197, 573.370092271738
10.252533, -1.018402, -3.535797, 5.710541, 7.571747, 9.797516, 1.185943, 5.627808, 4.763428, 1.213958, -7.452972, 4.910798, -4.749359, 0.827607, 9.019165, 0.718964, 12242.1001654356
-8.304657, 7.635193, 0.924286, -6.88617, 6.127319, -0.806427, -4.124023, -1.968567, 10.697998, -8.595032, -8.154174, 1.880219, 0.059478, 9.927124, -2.145172, -0.236541, 4244.40498453668
0.368347, -5.791596, 4.289917, -2.672852, -2.085388, -4.852021, 10.845154, -3.767517, 10.375641, 10.380951, 0.088378, -3.74646, 2.694946, -7.811371, -5.347595, 5, 0.572412583853862
0.586304, 2.033508, -7.948456, -5.735169, 9.662445, 0.719574, 9.123016, 2.996796, 2.189117, -1.822663, 1.093292, 2.898194, -2.536102, -2.125915, 8.269501, -7.352386, 1.24976547510509
3.820099, -8.15094, 5.355926, -0.252594, -0.744232, 7.373443, 9.395355, 1.996491, -7.312469, 7.235748, -5.664612, -0.412109, 0.829438, 0.651734, 5.220062, -5.168487, 287.120770258385
10.696961, 7.799805, 0.006073, 9.501678, 8.735901, -1.019042, 2.00418, -0.190063, 9.576202, 2.404083, -6.054168, 1.002532, 0.41098, 9.596008, 6.674256, 5.583191, 14442.1962470773
1.000335, 7.436768, 8.461121, 2.160736, 2.300293, 4.819672, -1.052154, -2.078216, 10.716706, -4.063507, 6.711914, 9.728302, 2.984162, 3.187622, 6.458496, 1.840393, 4.00335112243799
5.669892, 1.717255, -1.16336, -2.736145, -3.697296, -7.426544, 0.880829, 4.72287, -3.873169, 9.493408, 0.07727, -0.74234, 4.480865, -7.686432, -1.944581, 0.447144, 1253.56444090473
-0.198364, 8.00476, -8.095672, -8.743408, 5.253204, -4.667664, 6.113952, 5.510315, -5.019287, 0.141449, -2.858246, 10.989258, 7.989197, -6.732971, 7.604004, -4.846344, -0.165272718159647
-0.352295, -1.930939, 7.092132, 3.490784, -2.181976, -2.407257, -5.385773, 8.487518, -1.391388, -8.646454, 10.661469, 2.228027, -2.246429, -0.252533, 0.899353, 5.616425, -0.256503457225005
-6.383423, 10.086212, 0.484314, -4.775543, -1.180359, -4.742829, -6.994996, 0.764069, 4.497131, 0.008789, -4.951264, -1.81482, 6.174652, 9.860627, -8.607086, 9.398224, 1434.65914961208
-7.727051, -1.361542, 1.82135, 6.621918, 3.236847, -5.365478, 10.565765, 8.355835, -0.710938, -5.607361, -1.627777, -5.021911, -6.190735, -3.881562, -1.807648, 3.968018, 3155.58250345331
-6.662232, 0.714325, -3.500031, -1.246246, -3.795349, -7.56015, 8.232361, 3.184967, 10.783539, 8.196747, 2.35672, -4.369476, 1.370544, 1.439117, 9.061554, 9.70105, 1712.07568532995
-1.311798, -8.291412, 5.57312, -7.403259, 1.014312, -2.205505, 3.596771, -6.920197, -5.064178, -8.481049, 8.383362, 1.072326, 0.727936, -0.852875, -8.579254, 5.878846, 1.11285643650174
-4.642243, -5.577698, 5.750061, -8.966065, -8.886689, 6.226074, 9.907288, 9.774964, -8.142456, 0.863465, 10.489471, -1.86026, 3.907013, 10.973206, 3.346283, -6.310882, 381.286495587834
-1.463928, 1.062713, 9.396301, -0.145355, 2.105438, 8.668396, -3.931488, 1.911347, 8.816468, 6.140686, -2.631287, 5.575165, -6.910279, -8.94571, 4.570862, -7.77414, 2.13464890245207
6.569122, -0.756623, 5.533508, -1.245544, 0.750733, 2.461548, 7.641174, 1.036041, -1.763306, 7.667206, -2.62912, 10.027313, -5.385864, 6.933625, 5.483398, 4.489319, 2195.41500934451
5.959076, 0.984009, -1.160339, -7.664856, -8.034637, 0.351868, 4.842377, 1.602417, -1.301483, -6.834015, 10.502136, -4.948945, -0.025329, 10.560608, -4.870972, -6.613983, 1514.08172118118
4.364441, 10.710694, 5.649048, 8.104797, -8.17807, 0.491974, 1.545349, -6.029907, 10.938569, 5.766144, -4.575226, 6.107635, 3.82193, 9.291015, -3.790772, 0.728668, 469.387621677669
1.599854, 6.255707, 3.952088, 10.477661, 0.549164, -3.559296, -8.720337, 10.404968, 5.84961, -3.996888, 2.457397, 10.564484, -7.037139, 0.886811, 9.081604, 10.236297, 14.8054739070235
-1.363678, -4.142456, 2.395569, 5.774353, 4.532043, 7.163086, 0.231079, 7.079132, -1.519257, 6.818512, 3.574921, -7.304748, -5.639465, 9.516144, 8.760102, 6.534119, 1.41819790292564
0.600983, -6.83902, 9.282409, 0.221679, -4.688141, 7.030517, -8.758301, -1.929017, 7.037292, 8.560242, 0.408386, 0.679871, 0.134369, -4.24646, 4.914887, -5.846375, 1.3096783480239
2.777283, 9.217041, 5.571869, 0.952637, 8.586121, 0.820557, 2.809754, -1.634918, 0.880829, 7.982453, -5.754792, 0.604523, -4.440002, 6.579712, 3.872376, -1.467438, 91.407613409357
2.604981, 1.483002, 9.879395, -1.993409, 8.208587, -0.282928, 8.089813, 1.852356, 8.529144, -4.754425, -0.97107, 3.46167, 0.069305, 1.381561, 8.615204, 4.014953, 73.1169071528512
6.679962, 0.822419, -7.523224, -1.670899, 1.18927, 7.310089, -0.10733, 6.329925, 8.656372, -1.08377, 6.359436, -2.850067, 9.250396, -8.047637, -5.217651, 1.851014, 2340.48767374332
1.754486, 4.505066, 4.291931, -8.228088, 2.694397, 1.596008, -1.314636, 10.501099, 2.092773, 9.967347, 3.492798, -8.525665, -2.152282, -4.508423, -4.331085, -4.802765, 19.7088482809486
6.736939, 4.206909, 10.909119, 7.093139, -8.953461, 6.977417, 7.591156, 9.975556, 0.824951, -3.221985, -7.658569, -3.854035, 6.761841, 3.604859, 0.226349, -7.883606, 2417.80884001462
0.692047, 0.010284, 9.568817, -2.042938, -6.275604, -1.736908, 2.389648, 1.269165, -3.004302, -4.866303, 9.473877, 2.782318, 6.049682, -0.69577, -5.937684, 3.577454, 1.73179049775308
10.840729, 7.403686, -1.832245, -7.065734, -1.636994, 4.668213, -1.483429, 6.803986, 8.904145, -7.773957, 10.11502, 2.907044, 9.924378, -5.992127, -4.559296, -2.544342, 15213.6605325549
10.560242, 4.281921, 6.25888, 2.501526, 2.753601, 2.814026, -0.936005, 4.908448, 2.005554, 6.652893, 2.145965, 7.950104, -4.24472, -8.459717, 0.281708, 1.532532, 13736.1664549125
-3.616028, 5.945984, 2.051483, 3.0419, 9.84375, 0.72815, 9.780213, -5.18283, 10.91156, 5.418457, -7.895935, 10.24765, 7.068084, 2.13211, 0.161773, 10.495789, 133.150528378495
-6.998353, -4.896851, 9.41098, 5.844696, 4.737152, -3.155548, 8.069732, -2.32904, 8.389923, 7.933136, -0.817078, 4.042114, -0.455383, -5.57959, 1.313507, -8.060577, 2097.96175713425
10.259216, 6.866944, 3.859131, 4.105499, 3.693848, 0.003021, -8.006591, -5.483002, -2.635254, 2.013519, -1.767639, 3.482178, 3.02304, 0.448303, 6.625855, -1.636322, 12273.1897094921
2.158874, 4.757172, 0.573914, -7.073913, 3.130096, -7.549866, 7.268219, 7.308624, 6.916321, -7.117431, 2.758515, 3.622803, 3.497742, 4.665314, -5.356048, 2.175079, 38.6040236627813
10.85904, 5.699829, 7.389526, 5.314544, 10.618408, 3.83844, 2.267486, -0.094513, 8.28128, 5.169403, -0.076263, -1.57486, 7.119354, 5.927124, -2.430725, -2.313659, 15314.0937456038
0.674469, -4.972809, -7.203491, 0.185119, -6.112457, -5.773255, -0.979249, -5.926606, 2.852387, 3.909455, 9.546631, 4.756653, 6.194732, 8.495697, 4.25943, -3.883515, 1.64314074862652
3.076049, 10.477814, -6.058471, -8.641571, 7.82248, -2.919831, -6.786194, -5.515442, -5.821259, 0.544342, -5.89795, -1.609039, 0.187042, 10.039276, 2.228363, -6.409271, 131.174850007017
-0.30899, -1.803559, 8.627594, -3.438721, -4.535492, -6.729981, -1.811341, 4.717255, -7.034332, -2.078033, 6.72107, -2.991944, -6.284332, -0.367706, 10.64624, 2.140564, -0.233900503289572
8.302795, -3.265899, 8.313934, -8.573303, 3.011138, -1.926117, 1.943634, -8.743836, -5.925263, 7.296478, -3.80893, -1.805878, -4.443756, -6.244537, 4.339477, 0.703736, 5401.83194541066
0.851075, -6.951905, 1.115997, -3.506042, 5.816132, -6.824402, 9.1333, -0.507874, 0.523743, -3.671692, 7.955658, 0.441528, 0.640656, 2.295776, -1.209289, 3.124267, 2.71651366757057
-8.568146, 9.501923, -8.194427, 9.208709, -0.610504, -5.334717, -1.931641, -5.27774, -1.513184, -3.915924, 3.114685, 1.149017, 10.057037, 5.546417, -3.861115, 7.152374, 4825.31765012274
-0.702728, -5.134643, -3.189422, 9.922669, 6.397461, 6.039245, 5.715943, 4.149963, 0.29422, -5.963288, -0.575745, 3.621491, -7.950257, -5.793152, 2.179199, 9.44455, -0.312062414150939
9.855805, 7.314453, 10.215271, -3.106048, 0.662567, 4.200103, 0.699311, -2.115173, 5.432556, 4.065307, 7.296722, 5.070159, -0.980561, 7.382782, -1.636994, 7.563568, 10499.9307908985
-5.32785, 0.431457, 3.760132, -8.713135, -7.836426, -4.543366, -7.702027, 0.942719, -1.455383, -4.544678, -3.199341, 7.612427, 7.52301, -1.413788, -5.202026, 0.978394, 677.58604188444
10.467255, -2.795105, 2.841889, -4.828095, 6.035491, -3.476013, 0.447754, 1.245788, 7.429535, 1.898407, 9.66095, -7.728028, 0.27359, 8.735321, 1.248077, 7.06427, 13271.0036012626
0.118286, 5.029541, 7.513489, 9.52594, 6.56958, -6.476501, 2.740692, -7.377624, 9.042572, -6.507599, 4.258697, 0.97876, 10.140564, -8.845398, 6.133422, 8.102722, 0.134128349816399
-7.341247, -7.293548, -3.515778, -2.768006, 6.213348, 5.982697, -5.574921, 2.807099, 3.495361, 7.741516, -1.368744, -2.431091, 8.149536, 9.574738, 10.530487, 3.281463, 2555.45744088852
0.27829, 10.442871, 0.119506, 1.079406, 2.570526, 1.83548, 1.405456, 1.440857, -2.944336, -6.443848, 0.472198, 3.784943, -2.517578, -1.86731, 8.171875, -5.305511, 0.383285361568743
1.322876, 2.852356, 9.441101, 5.763672, -0.598847, 1.421936, -7.757416, 1.070709, 2.147583, 9.252899, -4.868561, 4.275451, 2.477356, 0.371673, -5.553497, 0.342041, 8.45041430683027
3.294678, 4.954651, 6.126983, -6.113342, 4.621491, -4.511658, 4.153534, -4.849884, -2.64859, 7.554718, 6.615021, 5.595429, -4.371277, -6.75882, -4.600403, 7.130645, 167.741913461982
-3.147796, 1.175781, 10.511353, -8.043579, -6.695954, 2.187347, -5.988404, -5.961396, 5.403778, 7.590729, -8.414673, 10.206024, -6.412842, 1.096893, -4.267456, -3.126983, 73.7512538531452
-4.189911, -8.651978, -2.415253, 3.387237, 4.677551, -4.922242, -6.653687, -8.997895, -4.802552, 0.896363, 1.360962, 5.47467, 0.159515, 2.700775, -5.197021, 10.288177, 248.00053223041
2.139343, -0.290069, -2.006164, -3.500336, 6.127075, -4.875306, 9.343475, 1.212707, 0.781525, 10.413238, 6.916748, -2.32492, 2.30899, 2.221069, 6.624848, -5.998658, 37.4544445651712
6.967103, 1.90625, -3.958374, -1.479492, 8.193817, -5.300537, 3.845124, -0.25122, 4.361328, 7.489258, 9.88385, -6.012847, -2.845093, 0.232208, 2.868317, -7.455994, 2749.87694991073
0.576813, 7.988007, -2.312652, -5.417145, 8.575317, -2.420349, -3.650482, -0.405029, 10.298431, -2.121429, -8.450439, 0.49707, 1.972931, 4.714905, 8.859803, 10.353912, 1.21213765537919
0.408234, -2.587494, -2.453552, -6.274017, 8.125335, -4.050903, 0.01123, -3.357879, -8.889374, -8.258392, 6.857514, 8.197296, 2.194915, -5.943848, 6.58194, -4.224914, 0.670697124128519
-5.942749, -2.956757, 9.890717, 5.895447, -2.146148, -3.602081, 5.641052, 8.687378, 3.472046, -3.355011, 6.407562, 4.986481, -8.590942, -1.950867, -6.326324, -7.942261, 1066.73643550979
9.276123, 8.149994, 2.648071, -1.056915, 8.927185, -8.077575, -3.293976, -8.565949, 9.212951, 5.561646, -1.544189, 0.669556, 4.35968, -3.106689, 2.430206, 9.358368, 8297.49302726078
2.973237, 1.408783, 0.402771, 2.626892, 1.667786, 9.925202, -4.670593, 3.491821, -0.680054, 6.870697, 1.914582, 4.957734, 3.947449, 0.194427, 2.802857, -4.260254, 116.245245836016
-4.786682, -1.098083, 4.395294, 8.611267, 2.554443, 5.215118, -2.709198, 2.376556, 4.935822, -5.642456, -1.647492, 9.468414, -2.770752, -6.035583, -1.600617, -3.829163, 433.426248136824
-6.782715, 8.117889, 10.522369, 7.466675, 0.222168, 5.007232, -5.974061, 7.510315, 7.359711, -2.786164, -5.52299999999994E-03, 4.725281, -1.581787, 5.621491, 8.483673, 3.526886, 1843.66271543253
10.362396, -3.048492, 7.336975, -7.330017, -6.537781, 9.922883, -4.373108, -1.778473, -7.953125, -7.962494, -5.278473, 4.158264, 6.883728, 0.990113, 9.975861, 5.589417, 12760.751481894
3.182037, -5.296234, 4.048309, -6.395782, 2.222076, 2.989686, 2.84195, -5.255218, 8.608948, 7.832672, 8.071014, 0.103576, 6.151397, -8.698975, -7.547607, -5.953858, 148.049569323142
-2.634064, 5.081939, 4.521881, 5.558716, -3.39444, 5.641449, -3.924378, -3.779022, -4.18631, 2.009735, 0.236603, 4.80362, 9.903138, 2.191162, 3.145935, 0.491058, 34.1682328521057
0.760041, 5.199554, 3.279419, 0.729004, 5.87262, 7.718262, 10.388763, 6.697205, -6.414795, 6.385345, 9.068084, -5.592896, -8.022888, 8.703766, 6.945404, -6.575592, 2.11044412820363
8.366546, -1.423584, -2.501099, -4.783112, -7.560455, 8.466492, -5.501648, 5.126831, 10.003784, 0.182434, 3.071594, 0.968903, -7.632385, -4.711762, -1.604035, 8.252716, 5563.88913753708
1.343872, -1.861481, -5.985474, 2.030426, 0.878846, -1.461304, -4.22229, -1.630493, 0.306061, -6.969849, -6.590515, 1.450287, 1.225372, -1.199646, -7.300995, -3.711304, 8.83849290149396
6.006774, -6.78183, 0.316833, 0.083953, -2.080749, -6.28600000000001E-03, -5.743622, 4.19104, 0.884797, 7.963837, -0.099639, -7.281402, -8.142761, 3.502075, -1.28775, -7.248626, 1560.68318123594
-5.173858, -0.446167, -5.44751, 1.197998, 1.445801, 1.296661, 7.620117, -8.736389, -0.710907, -3.574799, 0.019073, 8.547577, 0.726319, 8.061554, 0.949555, 9.765961, 599.665951415891
2.429199, 3.290344, -5.475494, 5.099365, -5.500214, 10.318817, 8.211029, 0.165588, 3.224273, 0.262115, 10.896698, 7.617127, -8.547974, 1.553314, 0.581116, 2.363953, 57.4868218221739
-3.400604, 4.97873, -8.307892, 8.421142, 1.278656, -2.66214, 5.027343, 0.381561, 10.55191, -6.27124, 0.320648, 8.513428, -3.190002, 1.458069, -4.566681, 7.483093, 102.567136894107
1.276397, 10.576202, -5.829224, 9.702606, -2.8638, 5.037536, 2.723633, -5.697602, 1.289795, 0.485474, -4.265533, 7.728943, 9.732117, -2.33728, -5.011108, 0.967408, 7.63933641909204
-5.443787, 0.44635, 5.732208, 5.389313, -1.417602, -8.492004, 0.610687, 8.225219, 3.612061, -3.401031, -3.761963, 5.662323, -7.693512, 6.460541, 6.386688, -2.432892, 741.087771683982
-6.309021, 5.358917, 2.804413, -1.1669, 8.283569, -2.754456, -8.344452, 10.353424, 10.848969, 3.542145, -0.412567, 0.6185, -7.222442, 2.550995, -5.578095, -4.061309, 1366.71024963805
5.089172, 5.48996, 2.471619, 5.291992, -1.937836, 0.152771, 8.481506, 8.796601, 0.487122, 0.194122, -3.804932, -5.191345, 0.545898, 4.039733, -3.45404, -6.355072, 833.589718742552
1.315491, 10.421722, -6.525696, 9.930298, 2.896973, 8.538544, -2.631928, 10.570618, -3.830689, -6.159698, -4.870514, 7.35025, -5.831574, 4.438782, 6.866516, 9.154785, 8.31717414847486
-1.909119, 2.14273, 0.209198, 10.818573, 1.923005, -4.88208, 0.251068, 4.597626, 7.694672, -1.827668, 0.11557, 0.266937, 0.358246, 4.666321, -3.852509, 3.843506, 8.06147865419232
-1.707489, -3.95221, 7.729279, 10.933655, 3.431518, 10.012237, -3.277466, 0.705963, -8.981537, 2.288147, -8.465576, -3.511322, 3.984803, -1.953156, 9.809021, -5.007385, 4.73006280427211
9.953888, -8.062133, 10.743744, -8.841431, -1.130005, -8.250885, -2.969239, 9.630249, 7.252319, 6.691864, 1.423401, -1.148376, 1.0737, 7.311004, 8.927552, 1.789795, 10912.0877382634
5.264648, 3.020294, 0.618103, -2.717346, 3.842224, 7.262359, -7.919709, 0.011352, 2.664002, -2.706116, 2.476105, 7.098205, -4.193206, 8.595856, 9.235748, 8.329132, 947.104281891559
6.57077, -3.0914, 6.374084, -8.998566, 4.108245, -1.10794, 5.431885, 6.396423, 9.677612, -4.589142, -0.957642, 10.877106, 9.522247, 4.444519, 4.122528, -4.389221, 2197.52111722567
-2.62558, 4.622528, -7.310333, -1.083282, 8.584259, -8.615418, -0.697388, -0.7612, 4.873444, 9.765717, -5.871704, -8.256714, -4.285553, 10.806519, 2.633057, 4.54129, 33.6908980815162
7.334106, -5.411896, -1.100921, 2.53656, 10.342773, 10.892487, 6.565765, 9.898133, -7.011871, 1.48761, 3.396271, -5.842102, -8.966004, -6.962464, 6.468719, -0.066619, 3348.88669993731
-6.735535, 1.637604, -7.23200000000002E-03, 9.275299, 10.61261, 5.97461, 0.750885, -7.359741, 1.914429, 3.111877, 0.164886, 5.488403, 0.287842, 9.899537, -3.012756, 1.506073, 1791.26183475781
-1.863495, -7.990418, 4.617493, 6.453461, -5.221283, -0.403961, 7.043762, 0.637299, 7.701447, -2.419769, -4.591004, -6.991578, 10.439056, 6.560761, 5.202484, -0.115448, 7.19696582575098
8.077362, 4.348785, 1.076232, -0.702149, -6.617615, 1.128143, -8.713593, 10.967621, 9.554504, -5.759461, 9.759674, 1.89795, -3.392944, 1.595642, 6.784638, -6.399597, 4857.06916442079
-2.629517, 6.706238, -7.671784, -4.058441, 3.121124, -0.65152, 9.977173, -4.384125, -6.164825, -0.153015, 3.504303, 0.243164, -1.932526, 2.984894, 4.060089, 10.091278, 33.9117858158822
3.455627, -3.460754, -6.011077, 2.423859, 10.848694, 3.440918, -3.729462, -8.5271, -8.938752, 4.559906, -5.413513, -1.963562, -0.747803, 10.115509, 1.011566, -1.298767, 199.257893960767
-8.071319, 3.711304, 0.330047, -8.309692, -0.424896, 0.995514, 0.977326, -5.664154, 0.906861, -2.053955, -8.393921, 3.176513, -6.250671, -6.21933, -5.722077, 0.680481, 3775.28531065047
-8.458099, 7.492187, -1.720398, 8.592743, 5.466583, 3.008605, 9.564545, 2.90802, 3.20227, 9.978211, 1.819184, 4.468323, -4.696686, -7.82016, -2.845642, 6.185516, 4575.88497344131
-0.796326, -0.442047, -4.578156, 5.889191, 8.845703, -0.117218, 1.155548, -7.200897, 9.934082, 8.035614, 8.138122, -5.377014, 8.814728, -1.081268, -2.407715, 4.279114, -0.265041845128222
-5.02127, -0.009185, 8.997162, -6.756043, -6.808838, 3.42691, -5.470184, 3.524963, -8.754914, -8.096374, 7.131561, 1.257995, 0.340484, -8.990662, -0.800629, 1.930237, 529.292891192703
5.087982, 0.279388, -3.097625, 2.22763, 10.138, 3.856049, 0.123169, -6.49234, 9.434418, 4.773896, -5.975708, -0.102996, 5.093719, 6.869843, 3.239532, 7.014129, 832.856792218369
5.908692, 3.318359, 7.69043, 4.316986, -3.522553, -1.208465, 6.027648, 1.075622, 8.957337, 5.244354, -3.302551, -2.030029, 1.443787, 4.324737, 5.632904, -7.687683, 1466.00188874685
10.974244, 3.408813, 10.570526, -8.104919, -7.842926, -7.739014, -3.008453, 8.46344, 0.425476, 3.319122, 0.688385, 10.81305, -4.083618, -0.395294, -2.044067, 6.512482, 15957.4366339465
6.974366, 1.257995, 7.408173, -1.74878, 7.280578, 7.698212, 8.419403, -3.187988, 0.606598, -3.5914, 3.190674, -7.331329, -5.806671, -4.65329, 3.441284, 0.208709, 2760.88460016948
0.755005, -4.020568, -2.274902, -2.419006, -5.891999, -8.056701, -0.628021, 3.168426, -8.575195, -6.670532, 5.054229, -4.314483, -2.887207, 6.593964, 8.977875, 5.901154, 2.08035208354463
9.318359, 5.092926, -7.30072, 1.986176, -7.944397, 5.242614, -3.433624, -5.513947, 0.960389, -3.695435, -3.214905, -4.081451, 4.669159, 0.79596, 8.11087, -3.003631, 8445.04419432577
-7.177154, -8.475525, 3.164947, 8.474823, 4.695893, 0.248687, 6.375824, 10.624512, 3.449982, -5.036865, 2.545654, 6.328918, 3.013061, 9.80838, -0.958344, 2.807068, 2328.06683923781
-2.416778, -3.393616, -4.387451, -6.038726, 3.75763, -4.979554, -7.170135, -4.650299, -2.713654, 9.340484, 8.15451, 6.784058, 8.451355, 2.893189, 8.62793, 0.552277, 23.4232129217027
-5.929627, -0.922883, 7.188842, 10.266052, 2.125793, 4.022888, 10.614349, -7.66629, 5.018585, -5.121673, -8.913514, 9.057678, -2.552795, -2.281372, 1.383636, 2.357178, 1057.00143720805
1.91153, 4.081512, -1.303192, -1.884003, 4.841675, 9.127411, -6.928711, 7.154937, 1.35202, 10.42453, 5.472748, -4.170318, -7.380005, -0.640869, -0.521149, 3.253326, 25.901434383751
3.890137, -5.829407, -1.404327, -5.855896, -4.897217, 2.611572, 8.198944, 3.297973, -0.851776, -7.766724, 1.100586, -0.313751, 6.745362, 9.29541, -2.259918, 0.178466, 306.906100905244
6.945862, -6.698425, -4.999085, -4.11026, 9.262878, 10.15924, 0.651886, 8.153686, 0.424988, 3.964905, 3.413635, 0.119842, -7.244812, -4.585541, 7.649964, 8.976563, 2717.87388671717
6.174713, 2.838044, -7.315765, 0.798462, 2.831971, 3.860443, 10.740906, 6.019195, -6.643555, -1.313843, -5.488251, -0.470886, -6.26239, -2.99054, -1.652619, 3.397858, 1733.39985161227
2.828827, -6.450226, 8.073669, 10.222015, 0.476288, 10.211578, -8.566956, 6.0979, 8.272857, 1.869843, 8.151031, -6.781006, -4.063018, 5.779877, -8.372467, 3.098846, 97.5043048092466
1.316681, 2.612732, -1.746613, 3.418518, -6.981629, 4.115234, -4.648438, -4.50061, 6.660828, 10.395172, 0.743805, 4.400696, 9.753968, 0.831452, 5.941834, 6.642304, 8.33853071989467
-5.797028, 4.609253, -8.036102, 0.552246, -5.563019, -7.119781, 7.776062, 0.239532, 10.163147, 9.547516, -4.641297, -7.80838, -3.254547, -4.323883, -3.602051, -8.502808, 962.32817695277
-3.791352, 0.527832, -6.398102, 3.693787, 4.867127, -7.778382, -8.357727, -7.759522, 10.578949, -2.981476, -0.279388, -0.384552, -3.375427, 10.232086, -7.240204, -3.961243, 162.70671498732
-8.789124, 0.763275, 6.220428, -5.180084, -8.399933, 9.260772, 4.542267, 0.330566, 1.863495, 0.906128, 9.21054, 7.602112, 0.260711, -0.176178, -0.55249, 0.548492, 5356.87292539495
6.243164, 10.116546, 6.528656, -5.18631, 5.083313, 4.525299, 0.724335, -7.755585, 4.128418, -0.285553, 1.865937, -0.012176, 4.679474, 5.182068, -1.462463, 7.214172, 1807.77473743537
-2.504852, 2.795014, 7.89209, 6.464416, 6.920594, 4.949006, 6.092987, 0.622894, 6.64148, -0.646118, 5.380371, -1.485016, 6.062774, 2.443756, 6.762543, -4.870209, 27.4199138276061
1.312805, 0.412109, -3.667542, -3.532318, -3.128051, 9.871979, 8.209076, -3.986847, -0.173217, 2.141113, 8.103668, 7.832306, -4.251251, -2.84787, -2.488556, 6.295532, 8.26912881356699
5.198303, 0.987671, -2.472259, 6.425262, 3.853638, 9.040557, 7.289581, -7.131469, -0.735382, -0.200988, -8.958039, -6.50531, 0.231781, 1.256592, -2.170593, 2.617951, 902.898661374512
-1.18985, 7.947693, 9.812165, 2.845246, 3.938172, 5.607361, -1.792176, 0.548676, -7.30838, 9.456726, -8.142395, 0.963318, -0.837494, 4.112915, 9.417816, 8.90976, 0.54569949293581
-2.037017, -2.87555, 8.176178, 9.141876, -2.645722, 7.131225, -8.506653, -6.680573, 5.000549, 4.649658, 0.869202, -6.394379, -4.652222, 0.483063, -4.365631, 6.889985, 10.8777828450564
3.627808, -2.243499, 4.26654, -5.364227, 7.48703, -0.422821, -3.66806, 5.352905, -4.759491, 6.319488, 8.051605, 0.695313, -2.249206, -0.464813, 7.492981, 0.183807, 237.746027976374
4.931763, 3.488586, 4.38623, 3.553742, 8.877625, -8.68338, -6.434387, -8.272522, 0.616821, 8.814087, 0.035888, 6.412292, 0.490875, -3.156189, -1.336181, -3.677216, 740.779411163222
-5.841706, 5.371734, 9.494476, 4.028778, -3.776398, 8.127105, 1.692688, 5.427795, 8.491058, -5.112365, -7.890534, 2.842743, 1.843689, 0.389648, -6.526703, -1.25534, 993.48424441092
-8.252838, 1.863251, -1.793244, 5.10025, -6.621277, 3.192474, -2.132293, 5.344696, 9.381012, -3.299499, 3.215881, -4.020874, 9.241089, -8.440399, -6.095916, -7.206604, 4136.64271009512
-0.70575, 0.82663, 2.79477, -4.286285, 7.352966, 1.102844, 6.901459, 5.275299, 0.960816, 0.819336, 2.955018, -7.279907, -6.728729, -1.853058, -2.404938, 5.719239, -0.311102321709996
8.551819, 1.531647, -7.813446, 2.720917, -5.687348, -2.145477, -2.739014, 2.923005, 5.06073, 0.217041, -2.417053, 5.870575, 10.678559, 1.351105, -2.158569, 6.678681, 6055.63545705955
-4.571747, -2.345642, -8.033721, -1.120025, -8.419769, -3.149871, 7.06958, -2.1026, -7.332641, 4.272796, 9.012084, 4.141754, 2.363617, -6.222168, 2.594605, 0.734497, 357.62202419871
-0.011718, 6.277008, 0.374451, -7.144806, 4.634491, -5.101562, -2.89325, 3.714356, -4.076507, 6.771973, -1.189026, 0.151092, -0.616669, -5.560944, -2.53775, -0.144348, -1.15822786379836E-02
8.45282, 1.888123, -5.69223, -4.782929, 5.110443, -0.785401, -4.191681, 2.796021, -6.871735, -4.09378, -5.795502, 2.422272, -7.049163, -3.247009, 0.708252, 8.917389, 5788.98459234367
-3.800873, 6.382477, 4.319275, 0.442474, 9.799347, 7.419952, -8.733673, -4.529266, -7.263061, 7.273468, 9.073761, 6.385162, 0.435516, 1.544128, 8.252838, 0.701203, 164.441214578163
-1.23941, -7.938874, -0.381866, -0.085571, -0.351318, 8.542023, 8.229065, -1.026886, 2.361145, -7.122161, 7.956116, 2.376007, -8.637024, 5.043121, -6.327637, 4.894867, 0.75254074314618
0.826935, 3.631317, -0.930115, 4.922272, 0.762268, 0.014709, 5.101074, -4.555939, 1.768647, 7.12973, 8.045135, 4.637207, -6.584839, -8.113006, 0.199524, -6.907624, 2.54384425751606
10.24411, -5.793396, 3.196197, 10.661499, 9.400055, -7.321899, -3.056884, 5.930664, -8.116455, 2.845826, 8.190735, 7.317444, 1.430145, -5.881043, -8.276764, -4.206085, 12203.0003606758
5.014312, 9.306701, 6.175049, -7.766022, 3.978333, 4.778473, -7.527741, -7.613709, 0.786133, 0.248993, -0.101043, 4.47168, 0.402313, -1.811554, 6.788666, 5.406036, 788.420895940132
3.295959, 3.857697, -3.159271, 2.647766, 6.06961, 7.968476, -1.938202, -1.329437, -0.286957, 7.968384, 8.332184, -7.938935, -4.517639, 0.951172, -1.402801, -3.758545, 167.976727300113
-6.596192, 4.191864, -0.316345, 0.817139, 10.402618, 3.306915, -3.258728, 5.549377, 9.057037, 9.039398, -1.690979, 5.953064, 0.977143, 5.669098, -4.99347, 0.519196, 1643.01314869521
4.808747, 8.047699, -4.149383, -1.437347, 9.862427, 2.258911, 2.196472, -0.305176, -3.632782, -4.096283, 7.304291, 1.921296, -6.650238, -6.989533, 3.530579, -6.635559, 673.852072258144
-3.862, 1.569977, 0.144531, -4.388885, 5.490234, 9.69577, -7.230591, 2.685303, 7.348907, 9.40921, -8.550842, -1.354248, -1.780365, 10.049713, 3.339508, 8.808747, 175.909681593936
10.175018, 2.309723, 7.024627, 7.595612, 5.483582, -3.104919, 10.458435, 1.005371, 0.863678, 3.810059, -1.469086, -8.287384, 4.362396, -3.732453, -8.740265, 1.789856, 11885.8018689667
-2.140533, 0.224212, 3.606445, -4.944581, 2.196228, 5.54068, 3.91803, 1.045959, -2.070678, 3.766632, -6.006805, 0.614258, 9.709931, -1.449036, -1.226104, 9.151733, 13.6273182204743
9.287353, -4.322998, -7.338318, -5.563904, -5.861847, -6.277313, 10.459015, 10.104187, 3.719971, 3.345581, -1.064148, 3.74942, -6.649658, -3.806855, -7.979035, 7.644623, 8336.53443769718
7.710816, -4.562134, -8.381714, 6.089477, 4.975678, 4.937409, 5.048431, -7.616608, -5.434112, 7.019805, 9.11499, 1.423035, 1.528076, 1.893555, -4.203949, -5.074981, 4060.72424419037
-1.46167, 0.68277, -3.439484, 9.273559, 3.53125, -5.912537, 0.30954, -2.006805, 5.953675, -7.331512, -0.057067, -4.153778, 8.643707, -3.242096, 7.550598, 7.555695, 2.11652497746334
-8.665405, 4.99405, -2.771149, 5.15274, 6.783661, 8.481628, 1.521912, -8.050537, 3.526123, 3.576996, -4.511658, 3.136474, 10.25415, 9.298187, 2.392273, 4.005584, 5054.13966658385
3.820557, 7.360199, -0.979981, -3.202514, -6.13208, 4.835053, -8.378631, 4.174316, -3.917633, -0.563019, 1.476013, 9.317444, -7.92746, 3.432587, 9.084961, 5.650025, 287.246928505285
-0.126617, 0.176025, 2.986969, 1.184662, 10.075286, 10.269073, 7.19989, 7.496155, -0.422333, 6.346374, -2.712921, -5.680908, 1.968232, -5.514404, -4.951111, 10.770417, -0.112358021236921
4.526581, 9.242523, 7.83899, 5.197296, 10.853241, 3.311218, 1.505768, 8.649597, -5.876343, 3.809296, -2.041137, 0.97757, -4.033081, 1.187896, 0.360412, 0.554565, 537.603328324592
-5.030212, 6.766968, 2.941498, 10.624725, 10.805573, -6.104614, 4.443603, -0.724549, 7.988099, -0.263855, 10.185028, -6.964692, -7.749573, 1.676453, 1.752228, -6.903565, 533.236668818159
7.548981, -4.637116, 0.316253, 0.162475, -5.307678, -0.638367, 0.574127, -8.079101, 10.595093, -5.556397, 3.315368, -4.859009, -0.843079, -1.505524, -8.386749, -5.603699, 3742.26191483226
8.766327, -8.949921, 0.641205, -1.587647, 10.429687, 9.456329, 10.114441, -4.960724, 1.524933, -2.345459, 0.356048, 10.849579, 7.180786, 7.591461, -1.011383, 3.360626, 6664.98407320731
9.280334, 0.254547, 3.250641, 10.882416, -5.909821, 6.332031, 8.937775, 4.990235, 4.514252, 9.498108, -5.030639, 5.622223, -5.027374, -5.676911, 4.579804, 5.802155, 8312.11655791031
