22.8308307224
107.118508015
10.4369735444
7.06130434307
79.7443260824
122.784268122
105.414351101
49.5409321424
273.585103711
26.1651197233
170.525873628
112.399759962
9.36969553266
248.742886031
65.2526997679
136.96756872
30.7882985473
204.360277686
21.3465726884
32.6284318893
16.3367889129
110.32876255
88.5762657679
9.43174284005
40.5078896731
20.2807187365
5.33689636838
25.7831338115
20.039603063
90.8322142997
15.5780345364
85.9228486264
6.16954875196
293.179184992
23.4201813319
273.541838746
9.85405887441
48.4275646856
25.624733744
88.0165120941
85.0555483141
6.92184213695
284.889709332
257.610657535
151.917289076
11.0482745659
178.312912551
18.6067894758
57.1319126919
17.0514380938
20.7530889541
20.7746705148
9.76439187514
56.0671533141
6.9489103677
18.6525187813
18.9612565988
49.5146226528
13.6613287305
10.6284516133
159.451544288
5.10967960311
210.332353692
41.7968335114
22.0633020837
99.6678780655
21.320685785
57.3000017222
13.3934608373
227.235161591
6.6725546962
6.48002901804
20.1286338161
5.95992454706
8.70387058377
16.3610700818
9.93330116611
13.8961138627
206.377464655
25.289995105
7.48840949645
41.7397032423
38.216096591
13.1920291859
47.972754228
21.935668832
70.467366029
118.309888274
110.45198019
7.65726131645
170.250019348
11.2374373312
163.396361976
5.68991922268
19.3812752483
228.346663343
293.266915953
94.8219986661
205.876812416
210.180619621
