127.437475428
26.6371521025
30.4372171252
22.4965791174
154.025428207
298.550789316
175.41118337
11.0432659553
230.299663116
9.08118136846
25.9511755761
18.4375277415
83.4971506526
10.5800172255
11.2301389502
49.811726644
111.062403122
16.7104641345
7.63583973259
15.7225925261
19.1989553654
10.8818871117
21.2873397502
213.287397586
9.35376487553
193.292062266
5.73494776545
41.7773564512
53.5874412103
129.003612171
79.4041661415
245.251678048
18.4301710939
29.8943886263
166.300061447
27.0423024311
10.5494828014
56.5012901972
11.4236915395
246.582590716
37.6660052653
179.023808322
188.49642483
10.0779568637
291.141586435
37.8690935093
12.9581105823
6.38590824384
10.4346696969
7.28272964241
89.5612100416
12.3957774791
24.1769534411
32.2756845114
15.1830245843
115.832678965
87.7020688106
8.14609748388
35.9474942245
257.272650969
243.46589847
15.5538001889
202.676554509
81.8145105156
41.7383459854
11.4587982515
225.773359404
19.4296138287
45.7577231721
243.785948305
20.682327231
207.188839761
61.1308312058
29.7553031244
19.013269836
26.4180432589
130.862332795
5.82277472704
54.8243562839
26.175052651
14.8384650743
23.0991902594
12.8533534177
129.85923471
26.5145434316
15.2278678671
65.5704816857
21.0051788597
10.4994649911
56.8542553397
143.562325278
12.3193024137
142.910017609
200.168767196
271.067453978
55.1515243658
281.702289131
47.3046825384
11.8345208117
128.53465423
12.1982208124
26.3135066525
96.0860768664
12.5649834569
31.5589734129
91.4003533778
20.9826914089
33.5979765902
101.375426563
158.593368345
31.3004617699
57.4138565381
8.35647375954
144.342799786
89.4765719668
11.7006543772
22.0432202845
9.9181378066
10.528970688
247.459558465
27.9993666391
8.83245596391
51.5169947689
9.47857520995
5.41698281563
34.6696887028
56.5184372496
9.43456371378
138.766999282
37.2505570411
13.6984653816
12.7957502868
138.479801386
24.5620826391
58.5083685135
260.780400089
15.2609588066
77.7601966553
170.237807237
58.5068367344
44.5626998851
7.36762752747
46.7778333576
18.0955862867
19.1285345758
36.2924557462
295.623733944
20.016201062
15.5071060259
18.6821871998
106.046678767
13.6342427202
188.922420053
172.525332195
25.7739475323
66.775662419
17.62561214
31.1525387729
58.0249491428
58.785665378
11.5666710314
23.0812548505
273.095416432
37.3180918452
20.5199221004
235.080571812
16.7921340878
83.7085480062
240.097532908
271.913420617
54.4596894675
21.2921055608
14.9322515277
25.031536552
8.52413965268
68.5138951463
252.445580149
17.9248884712
258.36162705
27.2106031011
12.6424508452
35.6347395709
276.429368109
27.0260096433
179.942900234
7.63481120499
68.1793899229
286.90910024
13.1239445574
34.906684002
166.696614878
81.9509382968
5.64147788039
9.88882727785
171.450933669
37.0496965019
149.478923986
39.1155991768
100.37417516
29.0137488661
98.5537493266
30.3336321807
15.3318405665
243.490893372
24.6220607614
196.880255274
8.34966342783
93.3098846982
24.5022819468
246.666757122
10.3544979443
11.0578430363
290.862987083
148.31826832
30.4807031071
165.081015991
110.047979745
14.3476590076
225.91216238
219.299820281
16.2198220075
6.19165327859
100.007515463
23.1073014697
9.77747646744
92.1430955467
24.0594791756
20.825637113
37.4114877024
62.9253255756
202.682581366
7.45185089576
89.4050377283
11.6165170711
186.931939571
19.2882833104
158.787211101
14.9946464412
138.043596551
82.3099592706
6.48066255655
51.3983244265
49.0037513605
228.191539788
66.9771414878
7.88986488426
10.3067565036
257.177808752
71.8098105249
99.5857933925
27.9240285898
24.9182101049
55.1057101488
27.9816484086
277.519999289
76.5581989321
14.0757834264
11.9200433882
18.1367640264
204.313765267
16.8735329241
16.8959526528
12.5932876559
104.378440444
10.1833405613
23.335518203
6.58573770025
25.5765008308
279.046405328
31.2083969951
28.9815234871
37.2756163741
32.6923104978
29.3690549786
33.0027122555
14.5436923822
150.953277857
7.45038656357
36.0474825493
17.5719251631
9.1591640661
23.2861240689
10.8832773022
17.7746848026
200.920728646
87.9388408731
9.00802025132
56.058181968
34.6338296294
19.1452298989
47.0594615673
17.746977026
217.735944382
110.864971811
118.891119978
8.96862539697
9.92704750782
46.5669976703
10.2491503654
11.9668107303
185.339068231
29.186364213
9.68403772003
25.1414125304
18.7308675367
12.8322643331
16.0373744231
77.6310312784
6.81867997215
17.4499967632
180.799998895
6.80891208559
15.9581866718
129.082806145
16.4414566955
10.3466728791
13.0493047845
43.4804508343
29.1413538594
78.7990153884
14.2855941183
71.0710018187
6.01207398138
25.9727940197
36.0186201382
162.002206273
35.8424994397
35.145969006
15.3074769301
28.2210434785
19.9193180633
166.254308083
26.8295593872
33.6799517038
9.07958574936
5.43002694439
8.05012231949
19.9543645288
61.0447586053
6.57660774127
39.0934388338
6.47764543213
8.41021850734
287.909765534
28.1658882141
28.0744189357
56.157013238
7.81188770228
51.0495682329
185.007915959
23.5824661822
30.0227924246
13.2229631623
8.18985607527
198.903116474
7.45218080972
138.299147488
10.9172048503
65.3835262371
19.5186730658
30.8727965212
19.6221367837
82.6574631382
114.705590828
32.794810946
191.342077059
71.1469089004
254.016210112
9.30553630121
86.5509034001
255.11941833
35.1302712279
134.975825127
41.3295119682
13.6435009166
11.6947853292
80.0803903575
7.44820130945
232.563687157
14.4439259191
208.812138169
101.257161895
19.2319432306
45.6859538539
50.8703322866
213.941824359
18.1466484396
6.59316325006
185.94172619
6.36759435305
43.2904215922
141.198007076
99.232417271
42.5400499172
53.9968920208
15.568545353
71.3212657903
149.183695239
13.9533464503
11.6680123294
47.4383983119
87.9931174813
37.063715568
30.6937095854
6.74389851088
204.939620826
8.78648234791
67.2164539296
115.570390603
45.3945931628
112.795444237
40.7625781685
54.7923617143
41.0188545113
160.503122134
79.5618969699
26.2200990511
56.220237584
72.7678230762
289.585870189
61.6742768102
88.0416265251
42.6088843099
20.6659739279
103.739124045
22.3683577029
9.75111867079
22.1578583003
32.5906485678
23.2322670841
161.550500524
5.269574299
6.62341968595
52.8309943144
25.2840622375
12.0809069164
94.1898329058
13.736136711
46.0993635933
16.4319141069
124.256536425
52.7675892482
76.8175559877
44.3129826881
22.9248188229
39.4550652329
95.244613527
16.5686362467
78.4775557031
85.0379698431
5.73552135782
8.13171224303
17.2116803185
23.4715568496
6.46030583906
54.0802472333
7.25920569857
23.273013529
13.5023454819
40.9255423143
60.1740266445
48.5302818364
239.351000278
37.0855901228
19.4313076746
32.8732169471
272.681929357
26.9013745864
63.7868015278
7.76845389302
37.715830563
9.15739445304
24.6335702871
17.6954614614
17.1246486612
214.2938984
36.1478631647
264.377300152
8.80236474054
200.250629318
265.628962461
268.099407783
219.689312783
41.2132581211
29.644341819
28.6480187276
5.72631636666
8.20166586082
33.3136498922
11.0125659579
5.97761562259
266.20888929
190.166268756
79.4956782771
243.864545557
43.6645324548
5.86415945374
149.371425626
68.672229139
229.711528409
16.5301193562
34.4623482584
112.219310879
179.678435143
6.1444626095
115.608071354
160.243263273
10.1340220273
139.054028065
186.462470616
34.0774007606
87.6833132777
93.0594006804
57.9387098509
13.1842924438
35.8614029384
181.834741462
22.0451276121
30.5697075109
39.5323081122
94.5923469365
195.784906756
6.52648325023
124.588812696
26.229905314
45.8886214391
25.7093277025
163.447868464
304.191575988
57.2962028078
64.5081188246
5.1590413614
18.8651457945
127.006013709
37.9867316036
64.6544527122
49.3801055121
17.1793505358
7.75475110827
59.7842723059
98.6976868957
272.4276535
52.0960396168
27.4747615636
149.816436791
201.690008513
18.7662948688
25.7932875306
106.47170533
17.0464469737
22.6428827858
9.45784009871
15.22485749
25.9515884089
23.498299756
244.795843207
26.7635804447
97.2586565274
94.2514367158
27.8881990562
24.1391064887
26.9243654779
73.6409315976
8.8607822881
22.5813635429
96.4463996043
202.958335038
36.8349214423
26.8572906151
37.5922924533
252.130200046
8.57922212198
39.3350179873
12.1789383852
26.4716532262
288.555269716
104.730896527
29.0578040087
26.2399604953
290.594908295
7.89130644108
26.5850000974
249.168179794
94.3211976186
7.62072169072
116.119290379
9.8849529836
10.9234391227
51.9805543489
63.8735734127
35.9450160059
196.120077268
174.927473386
5.46700978746
288.266132252
10.6872320316
84.0930943011
11.3985551917
8.53065385225
18.4395378936
130.427452516
21.2260813264
52.5903787071
187.472480829
109.073323794
290.946006962
70.4913095454
98.1383725115
5.58923404753
86.7268386136
229.676612749
190.428333523
95.8453786838
80.1810181369
69.5655928464
8.84342855847
175.648550791
133.034329637
42.1045764047
20.0646946697
83.1739170039
18.0665517958
23.8345444744
26.7120630566
234.013992752
259.17696876
35.5396844246
7.43705269186
65.5585330385
24.9058323274
257.177230677
31.3104331068
75.3324356583
169.712260997
286.91100921
10.7147224381
128.860371928
8.07178451518
20.7759264938
18.9591468152
6.80914557696
20.8706313728
12.0914890744
25.3146341752
29.2481855137
270.804416253
28.8449049985
17.1551852474
31.1898274123
11.0988771578
7.78681589133
166.353225933
100.911258512
28.1795232973
75.3508578205
7.73384468909
16.4537254124
55.1889430783
234.322432484
46.9336484044
27.1035501426
250.922754063
20.6677678464
12.3845439612
243.714825741
155.547247039
7.04034280666
95.5904179514
41.1829903613
119.865285182
6.04731247277
10.7890567204
13.6108243785
120.452149673
165.450025338
265.395615364
24.681456119
19.3402331183
94.4124833976
12.59158693
142.099491259
19.1299327256
41.638639978
16.0529527829
43.7211423595
29.9824327807
13.5165828601
124.947603994
296.950053099
17.7014303584
19.7308657452
98.1120579397
141.004606369
120.186914155
10.2857735886
71.4692875036
125.127143935
268.284565019
24.6340041332
12.2534902078
34.0808176393
25.510978242
99.0803598109
5.91748877702
95.3723275278
97.867089508
24.8293682391
179.629532726
78.8810212264
12.8663957715
146.327772735
273.604954722
9.30808752727
116.918859816
54.5454129869
37.9353850417
23.0512241313
10.1382559529
19.8853077289
7.06702161395
127.811689191
74.8255007239
296.307801181
10.0682718438
52.9252237466
117.587453514
56.9872796632
42.0632844536
104.604490555
60.1851389943
293.069118784
208.378397129
123.036859
170.878677231
81.8932042629
16.2651792224
105.355580759
19.2591802432
31.9549412695
14.7812683931
54.9598720502
5.82889582851
276.193904833
38.2390061783
15.3437648714
15.5875980496
8.09455170445
19.5336244529
5.5896371516
10.5952560862
236.698739732
20.3784255995
12.4695135292
135.006533535
160.395627267
10.7466937351
13.8787126874
28.1876575575
69.8808645669
19.0141975902
8.55623340658
176.982353275
170.936357672
11.0366844427
55.5860808539
293.39542638
10.1501656414
273.74772869
66.1690979154
5.39532672404
264.129645829
27.3863005948
35.4407518477
151.989876219
132.952219141
8.59290257171
7.12166696538
41.6798955737
207.199400251
199.1247633
25.9144911265
53.9298838329
93.9317257996
30.9741999773
9.63547123191
164.236785419
15.0453380743
174.200098959
52.7825464017
151.789631039
6.69722025869
13.0256557587
7.39942948274
48.6923916029
37.8514233803
201.573914515
148.174736701
22.406902351
29.5965626908
25.5882242999
30.7362216026
13.9994993189
43.3226380803
22.4809465353
129.480176174
8.35486227136
48.8126655701
61.7635448282
9.39175529117
5.76877088927
42.0455657711
62.6529661687
264.157517359
5.36551368063
14.1697226296
7.00311838219
27.1766790127
288.927419815
45.7588836973
120.313855383
5.52865831245
20.842920056
93.3733856444
15.642482402
125.46693944
12.6720589654
23.6965299587
29.630594728
66.416017712
115.607099729
20.5176999155
16.9882551929
111.689295249
43.4650383791
18.1714597223
16.9314302018
250.63602205
67.5596840916
5.73281294658
28.1689863072
11.5203340118
11.071332268
80.8504702127
155.452864816
18.1420485044
67.3081241087
40.6586242303
15.560733749
5.82308151539
9.45661429151
59.0251165591
17.934584776
60.3025487278
6.23848296061
18.2212365489
36.5399585846
6.71127301625
119.361262071
142.275140809
138.672517359
21.298921795
67.2690509891
60.6961208013
58.9309351801
243.604039651
6.41449609134
187.915418966
10.6835452842
72.4941040418
7.36529572811
35.6804384507
11.3583889201
76.8562926545
18.3272957826
223.099660702
15.593786179
13.8692653126
236.049519477
97.3105160146
45.1980475921
134.985358001
8.38012142075
124.798260608
132.941896029
284.891297741
255.787068054
6.59440218349
9.27883024968
21.3444170492
111.860637228
182.500652949
199.38558011
15.1876522669
78.8091260418
236.737909808
10.1840302723
176.309714883
85.4200427277
11.5467472217
98.4428910305
47.8976925522
213.98439562
16.1919222076
32.8131849096
47.5758647754
7.14304747973
150.415143702
23.0000601914
42.1596012036
22.8200713162
8.0031694449
40.3284395749
6.00041196845
12.148673351
23.3337346239
183.733392689
17.5906440131
92.9616133043
61.1530096457
189.635801619
180.389904354
76.1643143216
6.01767071975
19.0337616322
79.8598103276
136.36907678
5.56112062354
11.6186899757
14.6766778717
34.7782801432
36.338710111
11.3467914124
11.2677903251
26.0990835306
15.759518384
25.7318942839
14.9816047757
50.415092585
8.19206684529
79.3289278883
15.2147382407
83.3403722362
8.97315658886
184.083712795
154.393891685
103.252229619
62.0431289565
5.4198870487
7.74124060972
22.6333300406
6.07271781968
9.68973166858
76.9811878365
233.812191065
6.20461649245
5.60448746319
12.216859515
95.2428614354
13.6673916529
31.6499600673
49.1004714767
271.375164349
13.2146644117
28.4692652655
122.415965923
106.172313773
12.8509776438
28.3434579878
23.00368686
28.6599985139
35.5314079214
149.842446518
60.9258558618
18.3656587912
269.797781144
24.925136035
23.9047663391
15.1648699665
10.0082148419
228.253050713
216.458217717
20.1107289865
33.1644846303
21.4782735017
5.4073775265
231.842141258
8.12213022494
37.5921334557
44.3243582413
79.6192564352
11.1015406998
201.953879507
184.605328661
42.9366446269
59.0334601115
99.7574259658
132.904571625
97.1302037791
8.173082483
7.09764531441
